101 3 0 0 0 0
102 6 0 0 0 6
103 1 0 0 0 0
104 4 0 0 0 0
105 2 0 0 0 1
106 1 0 0 0 0
107 6 1 0 0 -3
108 1 0 0 0 0
109 1 0 0 0 0
110 1 0 0 0 0
111 2 0 0 0 1
112 5 0 0 0 6
113 2 0 0 0 0
114 6 0 0 0 6
115 1 0 0 0 0
116 4 0 0 0 0
117 2 0 0 0 0
118 4 0 0 0 0
119 0 0 0 0 -2
120 2 0 0 0 1
201 1 0 0 0 0
202 1 0 0 0 0
203 1 0 0 0 0
204 3 0 0 0 0
205 2 0 0 0 0
206 2 0 0 0 0
207 1 0 0 0 0
208 1 0 0 0 0
209 1 0 0 0 0
210 2 0 0 0 0
211 3 0 0 0 0
212 4 0 0 0 0
213 5 0 0 4 6
214 1 0 0 0 0
215 4 0 0 0 0
216 2 0 0 0 0
217 2 0 1 0 0
218 2 0 0 0 0
219 4 0 0 0 0
220 1 0 0 0 0
221 1 0 0 0 0
222 2 0 0 0 0
301 1 0 0 0 0
302 1 0 0 0 0
303 1 0 0 0 0
304 3 0 0 0 1
305 1 0 0 0 0
306 3 0 0 1 0
307 4 0 0 0 0
308 2 0 0 0 0
309 1 0 0 0 0
310 2 0 0 0 0
311 3 0 0 0 0
312 1 0 0 0 0
313 4 0 0 0 0
314 2 0 0 0 0
315 4 0 1 2 0
316 3 0 0 0 0
317 3 0 0 0 0
318 3 0 0 0 0
319 0 0 0 0 -2
320 4 0 0 0 0
321 3 0 0 0 0
322 6 0 0 0 6
401 3 0 0 0 0
402 1 0 0 0 0
403 2 0 0 0 0
404 3 3 3 7 0
405 4 0 0 0 0
406 1 0 0 0 0
407 0 0 0 0 -2
408 4 2 0 0 1
409 2 0 0 0 0
410 3 0 0 0 0
411 4 2 0 5 0
412 4 0 0 1 0
413 4 0 0 0 0
414 1 0 0 0 0
415 4 0 0 0 0
416 3 0 0 0 0
417 3 0 0 0 0
418 3 0 0 0 -3
419 1 0 0 0 0
420 3 0 0 0 0
421 4 0 3 3 0
422 1 0 0 0 0
501 2 0 0 0 0
502 1 0 0 0 0
503 3 0 1 1 0
504 4 0 0 0 0
505 2 0 0 0 0
506 4 0 0 0 0
507 4 0 0 0 0
508 3 0 0 0 -3
509 4 1 0 0 0
510 3 0 0 0 0
511 2 0 0 0 0
512 3 0 0 0 -3
513 3 0 0 0 0
514 2 0 0 0 0
515 3 0 2 2 0
516 1 0 0 0 0
517 2 0 0 0 0
518 1 0 0 0 0
519 2 0 0 0 0
520 1 0 0 0 0
521 4 0 0 0 0
522 0 0 0 0 -2
